Running params:
	num_docs  : 900
	stemmer   : f5
	clustering: c3m
	binarize  : False
	similarity: dice
	debug     : False
	test      : False
	prog      : sim_analysis.py
Similarity matrix:
[[1.         0.05882353 0.06324111 ... 0.07359706 0.06544294 0.04025974]
 [0.05882353 1.         0.02657005 ... 0.04651163 0.04864359 0.0280236 ]
 [0.06324111 0.02657005 1.         ... 0.10118407 0.06575342 0.03328509]
 ...
 [0.07359706 0.04651163 0.10118407 ... 1.         0.22735043 0.17295813]
 [0.06544294 0.04864359 0.06575342 ... 0.22735043 1.         0.21318546]
 [0.04025974 0.0280236  0.03328509 ... 0.17295813 0.21318546 1.        ]]

Saved to file: npy/sim-0900-s=f5-b=False-m=dice.npy.gz
Clusters: {40: [0, 30, 38, 40, 42, 98, 113, 117, 133, 149, 151, 161, 179, 181, 183, 185, 201, 260, 276, 327, 329, 331, 333, 426, 433, 453, 474, 501, 503, 505, 507, 520, 524, 537, 631, 658, 659, 677, 679, 681, 683, 688, 692, 700, 743, 757, 787, 800, 804, 835, 858, 860, 862, 874, 885], 79: [1, 79, 86, 90, 128, 230, 256], 805: [2, 89, 122, 138, 259, 277, 391, 455, 650, 749, 754, 805, 807, 877], 81: [3, 68, 72, 73, 81, 187, 359, 393, 485], 454: [4, 84, 385, 454, 456, 634, 635, 656, 739, 740, 806, 818, 820], 5: [5, 29, 240, 271, 582, 625], 736: [6, 16, 24, 83, 143, 144, 160, 215, 232, 257, 270, 279, 283, 286, 291, 293, 302, 323, 336, 369, 370, 378, 383, 386, 387, 424, 460, 462, 468, 515, 550, 552, 560, 565, 577, 580, 586, 590, 593, 642, 646, 689, 694, 709, 721, 725, 726, 727, 729, 730, 731, 732, 733, 734, 735, 736, 756, 822, 823, 867], 80: [7, 12, 66, 69, 74, 76, 77, 80, 93, 325, 536, 842], 8: [8], 102: [9, 11, 14, 52, 97, 102, 146, 150, 152, 191, 237, 239, 242, 243, 244, 285, 288, 289, 290, 292, 361, 376, 402, 405, 409, 413, 461, 470, 471, 481, 510, 519, 561, 573, 578, 585, 637, 638, 641, 717, 760, 763, 767, 809, 812, 813, 814, 817, 819, 828], 737: [10, 33, 60, 298, 407, 431, 441, 457, 669, 708, 737, 744, 762, 799, 833, 847, 854, 880], 221: [13, 15, 64, 221, 716, 838], 28: [17, 21, 28, 51, 53, 58, 164, 203, 229, 306, 311, 313, 403, 458, 484, 528, 662, 670, 685, 722, 878], 71: [18, 19, 71, 575, 701], 171: [20, 171, 307, 308, 855], 22: [22, 131, 497, 534, 758], 375: [23, 32, 136, 178, 204, 310, 355, 375, 473, 606, 651, 843], 557: [25, 193, 404, 469, 551, 553, 557, 569, 620, 768, 803, 830], 680: [26, 48, 330, 414, 423, 509, 595, 680, 770], 660: [27, 95, 487, 660, 663, 845, 882], 31: [31, 627], 648: [34, 127, 168, 212, 263, 269, 274, 362, 451, 609, 613, 615, 626, 648, 673, 675, 742, 755, 764, 784, 793, 802, 831, 883], 384: [35, 234, 272, 297, 315, 351, 381, 384, 563, 704, 705, 715, 836], 664: [36, 47, 119, 312, 486, 664, 848], 678: [37, 132, 301, 678, 879], 861: [39, 182, 676, 861, 886], 104: [41, 104, 184, 332, 417, 506, 682, 863, 875], 43: [43, 44, 108, 518, 853], 508: [45, 55, 110, 111, 112, 114, 115, 186, 195, 245, 334, 335, 337, 343, 399, 412, 415, 421, 508, 512, 594, 597, 598, 600, 601, 602, 684, 693, 771, 772, 773, 774, 857, 865, 866, 869], 189: [46, 88, 189, 247, 267, 326, 346, 418, 419, 422, 511, 596, 599, 603, 687, 832, 868], 194: [49, 194], 380: [50, 91, 165, 380, 529], 218: [54, 129, 213, 218, 252, 500, 899], 155: [56, 155, 162, 488, 753], 476: [57, 202, 254, 280, 299, 304, 390, 447, 476, 478, 496, 525, 608], 896: [59, 655, 703, 896], 225: [61, 225], 278: [62, 158, 235, 248, 278, 395, 562, 566, 574, 825, 826], 368: [63, 126, 281, 363, 368, 371, 373, 538, 612, 622, 713, 780, 808], 154: [65, 154, 199, 255, 357, 394, 429, 430, 437, 459, 480, 644, 750, 797], 67: [67, 436, 527, 564, 751, 791, 792], 70: [70], 75: [75, 666, 759], 463: [78, 101, 141, 148, 266, 354, 411, 463, 581, 589, 640, 769, 824], 893: [82, 356, 872, 893], 728: [85, 135, 250, 479, 568, 728, 884], 632: [87, 139, 567, 572, 576, 632, 747, 748], 197: [92, 96, 196, 197, 231, 342, 348, 482], 198: [94, 198, 205, 211], 647: [99, 309, 353, 647], 698: [100, 210, 532, 619, 698, 745, 752], 188: [103, 106, 107, 123, 188, 264, 397], 502: [105, 502, 654], 546: [109, 246, 338, 344, 416, 493, 513, 546, 686, 741, 871], 723: [116, 169, 170, 173, 233, 273, 303, 345, 396, 398, 450, 494, 623, 723, 790, 892], 542: [118, 253, 350, 499, 542, 674], 711: [120, 157, 159, 176, 207, 208, 209, 360, 533, 558, 591, 592, 630, 711, 712, 776, 781, 796], 851: [121, 305, 321, 322, 435, 444, 530, 614, 621, 668, 672, 777, 785, 801, 851], 475: [124, 206, 228, 265, 275, 300, 358, 427, 432, 439, 440, 452, 475, 521, 548, 571, 618, 657, 707, 778, 788, 795, 829, 839, 840, 841, 844], 294: [125, 261, 262, 268, 294, 438, 446, 617, 636, 702, 782], 296: [130, 249, 296, 498, 605, 695, 706, 798], 888: [134, 888], 200: [137, 200, 584, 697], 140: [140, 238], 142: [142, 175, 652, 738], 559: [145, 282, 287, 408, 464, 465, 466, 472, 543, 559, 815, 816], 147: [147], 227: [153, 223, 227, 821], 156: [156, 489, 775], 365: [163, 365, 392, 491], 166: [166, 314], 167: [167], 545: [172, 545, 547, 549, 556, 607], 220: [174, 214, 217, 220, 224, 295, 316, 347, 349, 420, 483, 523, 870], 544: [177, 544], 180: [180, 837], 190: [190, 324], 328: [192, 328], 219: [216, 219, 367, 428, 434, 442, 448, 467, 477, 610, 645, 699], 226: [222, 226, 535, 846], 401: [236, 401, 629, 639, 827], 583: [241, 352, 583, 643], 891: [251, 604, 616, 649, 690, 873, 876, 891], 516: [258, 319, 340, 495, 516, 531, 718], 810: [284, 406, 579, 587, 761, 765, 810], 317: [317, 794], 318: [318], 320: [320, 389, 570, 653, 856], 696: [339, 696], 720: [341, 720, 746, 834], 364: [364, 410, 624, 786], 366: [366, 372, 443, 691, 779, 887], 379: [374, 379], 894: [377, 889, 894, 895, 897, 898], 382: [382], 852: [388, 611, 783, 852], 540: [400, 492, 526, 540, 541, 588], 850: [425, 661, 710, 766, 849, 850], 445: [445], 555: [449, 555], 490: [490], 504: [504], 514: [514, 881], 890: [517, 789, 890], 714: [522, 628, 714], 539: [539, 864], 554: [554], 811: [633, 811], 665: [665], 667: [667], 671: [671], 719: [719], 724: [724], 859: [859]}
Cluster sizes:
 cid size intra sim.
[[1.         0.05882353 0.06324111 ... 0.07359706 0.06544294 0.04025974]
 [0.05882353 1.         0.02657005 ... 0.04651163 0.04864359 0.0280236 ]
 [0.06324111 0.02657005 1.         ... 0.10118407 0.06575342 0.03328509]
 ...
 [0.07359706 0.04651163 0.10118407 ... 1.         0.22735043 0.17295813]
 [0.06544294 0.04864359 0.06575342 ... 0.22735043 1.         0.21318546]
 [0.04025974 0.0280236  0.03328509 ... 0.17295813 0.21318546 1.        ]]
  40   55  0.081
  79    7  0.230
 805   14  0.163
  81    9  0.183
 454   13  0.180
   5    6  0.263
 736   60  0.102
  80   12  0.162
   8    1  1.000
 102   50  0.108
 737   18  0.102
 221    6  0.207
  28   21  0.083
  71    5  0.304
 171    5  0.279
  22    5  0.230
 375   12  0.121
 557   12  0.165
 680    9  0.237
 660    7  0.195
  31    2  0.502
 648   24  0.104
 384   13  0.126
 664    7  0.200
 678    5  0.211
 861    5  0.283
 104    9  0.256
  43    5  0.285
 508   36  0.171
 189   17  0.259
 194    2  0.551
 380    5  0.216
 218    7  0.197
 155    5  0.240
 476   13  0.140
 896    4  0.316
 225    2  0.550
 278   11  0.158
 368   13  0.125
 154   14  0.167
  67    7  0.257
  70    1  1.000
  75    3  0.352
 463   13  0.172
 893    4  0.286
 728    7  0.213
 632    8  0.324
 197    8  0.259
 198    4  0.318
 647    4  0.306
 698    7  0.191
 188    7  0.212
 502    3  0.351
 546   11  0.203
 723   16  0.155
 542    6  0.204
 711   18  0.117
 851   15  0.207
 475   27  0.148
 294   11  0.222
 296    8  0.246
 888    2  0.605
 200    4  0.290
 140    2  0.612
 142    4  0.277
 559   12  0.373
 147    1  1.000
 227    4  0.363
 156    3  0.369
 365    4  0.301
 166    2  0.516
 167    1  1.000
 545    6  0.266
 220   13  0.132
 544    2  0.575
 180    2  0.515
 190    2  0.522
 328    2  0.504
 219   12  0.227
 226    4  0.290
 401    5  0.315
 583    4  0.359
 891    8  0.297
 516    7  0.255
 810    7  0.402
 317    2  0.535
 318    1  1.000
 320    5  0.258
 696    2  0.536
 720    4  0.268
 364    4  0.313
 366    6  0.248
 379    2  0.665
 894    6  0.312
 382    1  1.000
 852    4  0.336
 540    6  0.272
 850    6  0.203
 445    1  1.000
 555    2  0.549
 490    1  1.000
 504    1  1.000
 514    2  0.534
 890    3  0.450
 714    3  0.398
 539    2  0.518
 554    1  1.000
 811    2  0.569
 665    1  1.000
 667    1  1.000
 671    1  1.000
 719    1  1.000
 724    1  1.000
 859    1  1.000

Avg. intra cluster similarity: 0.3905
Avg. intra non singular cluster similarity: 0.2910


Saved to file: npy/cluster-summary-0900-s=f5-b=False-m=dice.npy.gz

Saved to file: npy/means-0900-s=f5-b=False-m=dice.npy.gz
Inter class similarities:
[[1.         0.78404991 0.09914542 ... 0.1107729  0.11006252 0.09283466]
 [0.78404991 1.         0.19443319 ... 0.21683922 0.21537799 0.18155064]
 [0.09914542 0.19443319 1.         ... 0.99291411 0.9935943  0.99535548]
 ...
 [0.1107729  0.21683922 0.99291411 ... 1.         0.99856847 0.98103228]
 [0.11006252 0.21537799 0.9935943  ... 0.99856847 1.         0.98219442]
 [0.09283466 0.18155064 0.99535548 ... 0.98103228 0.98219442 1.        ]]


Avg. inter cluster similarity: 0.6706
